sample	control_rep1	control_rep2	control_rep3	treatment_rep1	treatment_rep2	treatment_rep3
control_rep1	0	4.51937334933355	4.81391143100604	6.47923353817456	6.23208771076824	6.85393339054126
control_rep2	4.51937334933355	0	4.50927260945596	6.41687048662005	6.5426483572473	6.88051710829349
control_rep3	4.81391143100604	4.50927260945596	0	6.20010385260611	6.11852262774955	6.86807981794191
treatment_rep1	6.47923353817456	6.41687048662005	6.20010385260611	0	4.89840615411561	4.89742767819785
treatment_rep2	6.23208771076824	6.5426483572473	6.11852262774955	4.89840615411561	0	5.20184866422402
treatment_rep3	6.85393339054126	6.88051710829349	6.86807981794191	4.89742767819785	5.20184866422402	0
